0.01	0.990042
0.02	0.980183
0.03	0.970422
0.04	0.960758
0.05	0.95119
0.06	0.941717
0.07	0.932338
0.08	0.923053
0.09	0.91386
0.1	0.904758
0.11	0.895747
0.12	0.886825
0.13	0.877992
0.14	0.869247
0.15	0.860589
0.16	0.852017
0.17	0.84353
0.18	0.835127
0.19	0.826808
0.2	0.818572
0.21	0.810417
0.22	0.802344
0.23	0.79435
0.24	0.786437
0.25	0.778601
0.26	0.770844
0.27	0.763164
0.28	0.75556
0.29	0.748031
0.3	0.740578
0.31	0.733198
0.32	0.725892
0.33	0.718659
0.34	0.711497
0.35	0.704406
0.36	0.697386
0.37	0.690436
0.38	0.683554
0.39	0.676741
0.4	0.669996
0.41	0.663318
0.42	0.656706
0.43	0.650159
0.44	0.643678
0.45	0.637261
0.46	0.630908
0.47	0.624618
0.48	0.61839
0.49	0.612224
0.5	0.60612
0.51	0.600076
0.52	0.594092
0.53	0.588167
0.54	0.582301
0.55	0.576494
0.56	0.570744
0.57	0.565051
0.58	0.559415
0.59	0.553835
0.6	0.54831
0.61	0.54284
0.62	0.537424
0.63	0.532062
0.64	0.526753
0.65	0.521497
0.66	0.516293
0.67	0.51114
0.68	0.506039
0.69	0.500988
0.7	0.495988
0.71	0.491037
0.72	0.486135
0.73	0.481281
0.74	0.476476
0.75	0.471719
0.76	0.467008
0.77	0.462345
0.78	0.457727
0.79	0.453156
0.8	0.448629
0.81	0.444148
0.82	0.439711
0.83	0.435318
0.84	0.430968
0.85	0.426662
0.86	0.422398
0.87	0.418177
0.88	0.413997
0.89	0.409859
0.9	0.405761
0.91	0.401705
0.92	0.397688
0.93	0.393711
0.94	0.389774
0.95	0.385875
0.96	0.382016
0.97	0.378194
0.98	0.37441
0.99	0.370664
1	0.366954
1.01	0.363282
1.02	0.359646
1.03	0.356045
1.04	0.352481
1.05	0.348951
1.06	0.345457
1.07	0.341997
1.08	0.338571
1.09	0.335179
1.1	0.33182
1.11	0.328495
1.12	0.325203
1.13	0.321943
1.14	0.318715
1.15	0.31552
1.16	0.312355
1.17	0.309222
1.18	0.30612
1.19	0.303049
1.2	0.300008
1.21	0.296997
1.22	0.294016
1.23	0.291064
1.24	0.288141
1.25	0.285247
1.26	0.282381
1.27	0.279544
1.28	0.276735
1.29	0.273953
1.3	0.271199
1.31	0.268472
1.32	0.265772
1.33	0.263098
1.34	0.260451
1.35	0.25783
1.36	0.255234
1.37	0.252665
1.38	0.25012
1.39	0.247601
1.4	0.245106
1.41	0.242636
1.42	0.24019
1.43	0.237768
1.44	0.23537
1.45	0.232995
1.46	0.230644
1.47	0.228316
1.48	0.226011
1.49	0.223728
1.5	0.221468
1.51	0.21923
1.52	0.217014
1.53	0.21482
1.54	0.212647
1.55	0.210496
1.56	0.208366
1.57	0.206256
1.58	0.204167
1.59	0.202099
1.6	0.200051
1.61	0.198023
1.62	0.196015
1.63	0.194026
1.64	0.192057
1.65	0.190108
1.66	0.188177
1.67	0.186265
1.68	0.184372
1.69	0.182498
1.7	0.180641
1.71	0.178803
1.72	0.176983
1.73	0.175181
1.74	0.173396
1.75	0.171628
1.76	0.169878
1.77	0.168145
1.78	0.166429
1.79	0.16473
1.8	0.163047
1.81	0.161381
1.82	0.15973
1.83	0.158096
1.84	0.156478
1.85	0.154876
1.86	0.153289
1.87	0.151718
1.88	0.150161
1.89	0.148621
1.9	0.147095
1.91	0.145583
1.92	0.144087
1.93	0.142605
1.94	0.141138
1.95	0.139685
1.96	0.138245
1.97	0.13682
1.98	0.135409
1.99	0.134011
2	0.132627
2.01	0.131257
2.02	0.1299
2.03	0.128555
2.04	0.127224
2.05	0.125906
2.06	0.124601
2.07	0.123308
2.08	0.122028
2.09	0.12076
2.1	0.119504
2.11	0.118261
2.12	0.11703
2.13	0.11581
2.14	0.114602
2.15	0.113406
2.16	0.112222
2.17	0.111049
2.18	0.109888
2.19	0.108737
2.2	0.107598
2.21	0.10647
2.22	0.105352
2.23	0.104246
2.24	0.10315
2.25	0.102065
2.26	0.10099
2.27	0.0999253
2.28	0.0988711
2.29	0.0978271
2.3	0.0967932
2.31	0.0957693
2.32	0.0947552
2.33	0.0937509
2.34	0.0927563
2.35	0.0917713
2.36	0.0907958
2.37	0.0898297
2.38	0.0888729
2.39	0.0879253
2.4	0.0869868
2.41	0.0860575
2.42	0.085137
2.43	0.0842254
2.44	0.0833226
2.45	0.0824285
2.46	0.081543
2.47	0.0806661
2.48	0.0797976
2.49	0.0789374
2.5	0.0780856
2.51	0.0772419
2.52	0.0764064
2.53	0.0755789
2.54	0.0747594
2.55	0.0739477
2.56	0.0731439
2.57	0.0723479
2.58	0.0715595
2.59	0.0707787
2.6	0.0700054
2.61	0.0692395
2.62	0.0684811
2.63	0.0677299
2.64	0.066986
2.65	0.0662493
2.66	0.0655197
2.67	0.064797
2.68	0.0640814
2.69	0.0633726
2.7	0.0626707
2.71	0.0619756
2.72	0.0612872
2.73	0.0606054
2.74	0.0599302
2.75	0.0592615
2.76	0.0585992
2.77	0.0579434
2.78	0.0572938
2.79	0.0566506
2.8	0.0560136
2.81	0.0553828
2.82	0.054758
2.83	0.0541393
2.84	0.0535265
2.85	0.0529197
2.86	0.0523188
2.87	0.0517237
2.88	0.0511344
2.89	0.0505508
2.9	0.0499729
2.91	0.0494005
2.92	0.0488337
2.93	0.0482724
2.94	0.0477166
2.95	0.0471662
2.96	0.0466211
2.97	0.0460814
2.98	0.0455469
2.99	0.0450176
3	0.0444935
3.01	0.0439745
3.02	0.0434605
3.03	0.0429516
3.04	0.0424477
3.05	0.0419487
3.06	0.0414546
3.07	0.0409653
3.08	0.0404808
3.09	0.0400011
3.1	0.0395261
3.11	0.0390558
3.12	0.0385901
3.13	0.038129
3.14	0.0376725
3.15	0.0372204
3.16	0.0367728
3.17	0.0363297
3.18	0.0358909
3.19	0.0354565
3.2	0.0350264
3.21	0.0346006
3.22	0.034179
3.23	0.0337616
3.24	0.0333483
3.25	0.0329392
3.26	0.0325342
3.27	0.0321333
3.28	0.0317364
3.29	0.0313434
3.3	0.0309544
3.31	0.0305693
3.32	0.0301881
3.33	0.0298107
3.34	0.0294372
3.35	0.0290674
3.36	0.0287014
3.37	0.0283391
3.38	0.0279804
3.39	0.0276254
3.4	0.0272741
3.41	0.0269264
3.42	0.0265822
3.43	0.0262415
3.44	0.0259044
3.45	0.0255706
3.46	0.0252404
3.47	0.0249135
3.48	0.0245901
3.49	0.02427
3.5	0.0239532
3.51	0.0236397
3.52	0.0233295
3.53	0.0230225
3.54	0.0227188
3.55	0.0224182
3.56	0.0221208
3.57	0.0218265
3.58	0.0215354
3.59	0.0212473
3.6	0.0209622
3.61	0.0206802
3.62	0.0204012
3.63	0.0201252
3.64	0.0198522
3.65	0.0195821
3.66	0.0193148
3.67	0.0190505
3.68	0.018789
3.69	0.0185303
3.7	0.0182745
3.71	0.0180214
3.72	0.0177711
3.73	0.0175236
3.74	0.0172788
3.75	0.0170366
3.76	0.0167971
3.77	0.0165603
3.78	0.0163261
3.79	0.0160945
3.8	0.0158655
3.81	0.0156391
3.82	0.0154152
3.83	0.0151937
3.84	0.0149748
3.85	0.0147584
3.86	0.0145444
3.87	0.0143329
3.88	0.0141238
3.89	0.0139171
3.9	0.0137127
3.91	0.0135107
3.92	0.013311
3.93	0.0131137
3.94	0.0129186
3.95	0.0127258
3.96	0.0125353
3.97	0.012347
3.98	0.0121609
3.99	0.011977
4	0.0117952
4.01	0.0116157
4.02	0.0114383
4.03	0.011263
4.04	0.0110898
4.05	0.0109187
4.06	0.0107496
4.07	0.0105826
4.08	0.0104176
4.09	0.0102546
4.1	0.0100937
4.11	0.00993468
4.12	0.00977765
4.13	0.00962255
4.14	0.00946936
4.15	0.00931808
4.16	0.00916869
4.17	0.00902118
4.18	0.00887553
4.19	0.00873173
4.2	0.00858973
4.21	0.00844954
4.22	0.00831112
4.23	0.00817447
4.24	0.00803958
4.25	0.00790644
4.26	0.00777503
4.27	0.00764533
4.28	0.00751731
4.29	0.00739096
4.3	0.00726625
4.31	0.00714319
4.32	0.00702176
4.33	0.00690196
4.34	0.00678375
4.35	0.00666714
4.36	0.00655207
4.37	0.00643855
4.38	0.00632655
4.39	0.00621608
4.4	0.00610712
4.41	0.00599967
4.42	0.00589369
4.43	0.00578917
4.44	0.00568609
4.45	0.00558444
4.46	0.00548419
4.47	0.00538537
4.48	0.00528793
4.49	0.00519188
4.5	0.00509719
4.51	0.00500385
4.52	0.00491182
4.53	0.00482113
4.54	0.00473172
4.55	0.00464363
4.56	0.00455681
4.57	0.00447128
4.58	0.00438698
4.59	0.00430394
4.6	0.0042221
4.61	0.00414148
4.62	0.00406205
4.63	0.00398382
4.64	0.00390677
4.65	0.0038309
4.66	0.00375616
4.67	0.00368257
4.68	0.00361008
4.69	0.00353871
4.7	0.00346843
4.71	0.00339927
4.72	0.00333117
4.73	0.00326415
4.74	0.00319817
4.75	0.00313323
4.76	0.0030693
4.77	0.0030064
4.78	0.0029445
4.79	0.00288362
4.8	0.00282371
4.81	0.00276478
4.82	0.00270679
4.83	0.00264976
4.84	0.00259365
4.85	0.00253848
4.86	0.00248421
4.87	0.00243088
4.88	0.00237843
4.89	0.00232687
4.9	0.00227617
4.91	0.00222633
4.92	0.00217733
4.93	0.00212919
4.94	0.00208187
4.95	0.0020354
4.96	0.00198973
4.97	0.00194486
4.98	0.00190077
4.99	0.00185745
5	0.0018149
5.01	0.00177313
5.02	0.00173211
5.03	0.00169185
5.04	0.00165231
5.05	0.00161349
5.06	0.00157537
5.07	0.00153796
5.08	0.00150124
5.09	0.00146522
5.1	0.00142988
5.11	0.00139521
5.12	0.0013612
5.13	0.00132784
5.14	0.0012951
5.15	0.001263
5.16	0.00123152
5.17	0.00120067
5.18	0.00117043
5.19	0.0011408
5.2	0.00111174
5.21	0.00108327
5.22	0.00105536
5.23	0.00102801
5.24	0.00100123
5.25	0.000975002
5.26	0.000949321
5.27	0.00092418
5.28	0.000899555
5.29	0.000875444
5.3	0.000851832
5.31	0.000828727
5.32	0.000806118
5.33	0.000784009
5.34	0.000762381
5.35	0.00074123
5.36	0.000720534
5.37	0.000700292
5.38	0.000680492
5.39	0.000661141
5.4	0.000642229
5.41	0.000623758
5.42	0.00060571
5.43	0.000588079
5.44	0.000570847
5.45	0.000554014
5.46	0.000537571
5.47	0.000521521
5.48	0.000505857
5.49	0.000490578
5.5	0.000475668
5.51	0.00046112
5.52	0.00044692
5.53	0.000433067
5.54	0.000419554
5.55	0.000406385
5.56	0.000393551
5.57	0.000381049
5.58	0.000368866
5.59	0.000356996
5.6	0.000345426
5.61	0.000334155
5.62	0.00032318
5.63	0.0003125
5.64	0.000302109
5.65	0.000292002
5.66	0.000282168
5.67	0.000272599
5.68	0.000263288
5.69	0.000254234
5.7	0.000245431
5.71	0.000236882
5.72	0.000228577
5.73	0.000220514
5.74	0.000212679
5.75	0.00020507
5.76	0.000197678
5.77	0.000190503
5.78	0.000183542
5.79	0.000176793
5.8	0.000170251
5.81	0.000163908
5.82	0.000157757
5.83	0.000151793
5.84	0.000146012
5.85	0.000140412
5.86	0.00013499
5.87	0.000129745
5.88	0.00012467
5.89	0.000119759
5.9	0.000115006
5.91	0.000110406
5.92	0.000105957
5.93	0.000101658
5.94	9.75053e-05
5.95	9.34971e-05
5.96	8.9627e-05
5.97	8.58896e-05
5.98	8.22792e-05
5.99	7.87932e-05
6	7.54296e-05
6.01	7.21877e-05
6.02	6.90651e-05
6.03	6.60582e-05
6.04	6.31614e-05
6.05	6.03696e-05
6.06	5.76784e-05
6.07	5.50864e-05
6.08	5.25923e-05
6.09	5.01959e-05
6.1	4.78943e-05
6.11	4.56837e-05
6.12	4.35587e-05
6.13	4.15151e-05
6.14	3.95499e-05
6.15	3.76624e-05
6.16	3.58521e-05
6.17	3.41185e-05
6.18	3.24588e-05
6.19	3.08689e-05
6.2	2.9344e-05
6.21	2.78809e-05
6.22	2.64776e-05
6.23	2.5134e-05
6.24	2.38503e-05
6.25	2.26255e-05
6.26	2.14568e-05
6.27	2.03404e-05
6.28	1.92721e-05
6.29	1.82495e-05
6.3	1.72715e-05
6.31	1.63387e-05
6.32	1.54511e-05
6.33	1.46078e-05
6.34	1.38061e-05
6.35	1.30424e-05
6.36	1.23132e-05
6.37	1.16169e-05
6.38	1.09531e-05
6.39	1.03227e-05
6.4	9.72591e-06
6.41	9.16159e-06
6.42	8.62707e-06
6.43	8.11919e-06
6.44	7.63528e-06
6.45	7.17433e-06
6.46	6.73665e-06
6.47	6.32316e-06
6.48	5.93397e-06
6.49	5.56786e-06
6.5	5.22233e-06
6.51	4.89471e-06
6.52	4.58316e-06
6.53	4.28726e-06
6.54	4.00768e-06
6.55	3.74521e-06
6.56	3.49979e-06
6.57	3.27013e-06
6.58	3.05409e-06
6.59	2.84962e-06
6.6	2.65555e-06
6.61	2.47191e-06
6.62	2.29942e-06
6.63	2.13867e-06
6.64	1.98945e-06
6.65	1.85057e-06
6.66	1.72031e-06
6.67	1.5972e-06
6.68	1.48059e-06
6.69	1.37071e-06
6.7	1.26823e-06
6.71	1.17356e-06
6.72	1.08642e-06
6.73	1.00576e-06
6.74	9.30271e-07
6.75	8.58964e-07
6.76	7.91533e-07
6.77	7.28336e-07
6.78	6.69933e-07
6.79	6.16581e-07
6.8	5.67919e-07
6.81	5.23092e-07
6.82	4.81146e-07
6.83	4.41491e-07
6.84	4.04088e-07
6.85	3.69314e-07
6.86	3.37574e-07
6.87	3.08948e-07
6.88	2.83065e-07
6.89	2.59277e-07
6.9	2.3698e-07
6.91	2.1589e-07
6.92	1.96098e-07
6.93	1.77902e-07
6.94	1.61534e-07
6.95	1.46967e-07
6.96	1.33895e-07
6.97	1.21887e-07
6.98	1.10604e-07
6.99	9.99374e-08
7	8.99981e-08
7.01	8.09839e-08
7.02	7.3011e-08
7.03	6.60186e-08
7.04	5.97876e-08
7.05	5.40564e-08
7.06	4.86478e-08
7.07	4.35358e-08
7.08	3.8817e-08
7.09	3.46139e-08
7.1	3.09768e-08
7.11	2.78407e-08
7.12	2.50581e-08
7.13	2.24796e-08
7.14	2.0026e-08
7.15	1.77124e-08
7.16	1.56117e-08
7.17	1.37905e-08
7.18	1.22569e-08
7.19	1.09533e-08
7.2	9.78971e-09
7.21	8.69425e-09
7.22	7.64485e-09
7.23	6.6674e-09
7.24	5.80519e-09
7.25	5.08334e-09
7.26	4.4908e-09
7.27	3.98791e-09
7.28	3.5305e-09
7.29	3.09302e-09
7.3	2.67636e-09
7.31	2.29881e-09
7.32	1.97832e-09
7.33	1.719e-09
7.34	1.50883e-09
7.35	1.32791e-09
7.36	1.15983e-09
7.37	9.98782e-10
7.38	8.48936e-10
7.39	7.18208e-10
7.4	6.1139e-10
7.41	5.2691e-10
7.42	4.58239e-10
7.43	3.97983e-10
7.44	3.4157e-10
7.45	2.88447e-10
7.46	2.407e-10
7.47	2.00605e-10
7.48	1.6877e-10
7.49	1.43821e-10
7.5	1.23354e-10
7.51	1.0525e-10
7.52	8.85025e-11
7.53	7.31991e-11
7.54	5.99312e-11
7.55	4.91259e-11
7.56	4.06956e-11
7.57	3.41085e-11
7.58	2.86971e-11
7.59	2.3962e-11
7.6	1.96987e-11
7.61	1.5934e-11
7.62	1.277e-11
7.63	1.02491e-11
7.64	8.30538e-12
7.65	6.79807e-12
7.66	5.5779e-12
7.67	4.54016e-12
7.68	3.639e-12
7.69	2.86976e-12
7.7	2.23972e-12
7.71	1.74633e-12
7.72	1.37102e-12
7.73	1.08543e-12
7.74	8.61649e-13
7.75	6.79527e-13
7.76	5.28254e-13
7.77	4.03672e-13
7.78	3.04155e-13
7.79	2.27634e-13
7.8	1.70585e-13
7.81	1.28562e-13
7.82	9.7264e-14
7.83	7.33547e-14
7.84	5.46753e-14
7.85	4.00181e-14
7.86	2.87018e-14
7.87	2.02264e-14
7.88	1.40928e-14
7.89	9.77924e-15
7.9	6.79071e-15
7.91	4.71715e-15
7.92	3.25811e-15
7.93	2.21611e-15
7.94	1.46867e-15
7.95	9.39463e-16
7.96	5.75665e-16
7.97	3.36029e-16
7.98	1.86056e-16
7.99	9.74079e-17
8	4.80756e-17
8.01	2.23141e-17
8.02	9.70658e-18
8.03	3.94724e-18
8.04	1.49226e-18
8.05	5.23069e-19
8.06	1.68195e-19
8.07	4.95313e-20
8.08	1.30521e-20
8.09	3.09049e-21
8.1	6.19303e-22
8.11	1.08281e-22
8.12	1.34051e-23
8.13	1.39979e-24
8.14	0
8.15	0
8.16	0
8.17	0
8.18	0
8.19	0
8.2	0
8.21	0
8.22	0
8.23	0
8.24	0
8.25	0
8.26	0
8.27	0
8.28	0
8.29	0
8.3	0
8.31	0
8.32	0
8.33	0
8.34	0
8.35	0
8.36	0
8.37	0
8.38	0
8.39	0
8.4	0
8.41	0
8.42	0
8.43	0
8.44	0
8.45	0
8.46	0
8.47	0
8.48	0
8.49	0
8.5	0
8.51	0
8.52	0
8.53	0
8.54	0
8.55	0
8.56	0
8.57	0
8.58	0
8.59	0
8.6	0
8.61	0
8.62	0
8.63	0
8.64	0
8.65	0
8.66	0
8.67	0
8.68	0
8.69	0
8.7	0
8.71	0
8.72	0
8.73	0
8.74	0
8.75	0
8.76	0
8.77	0
8.78	0
8.79	0
8.8	0
8.81	0
8.82	0
8.83	0
8.84	0
8.85	0
8.86	0
8.87	0
8.88	0
8.89	0
8.9	0
8.91	0
8.92	0
8.93	0
8.94	0
8.95	0
8.96	0
8.97	0
8.98	0
8.99	0
9	0
9.01	0
9.02	0
9.03	0
9.04	0
9.05	0
9.06	0
9.07	0
9.08	0
9.09	0
9.1	0
9.11	0
9.12	0
9.13	0
9.14	0
9.15	0
9.16	0
9.17	0
9.18	0
9.19	0
9.2	0
9.21	0
9.22	0
9.23	0
9.24	0
9.25	0
9.26	0
9.27	0
9.28	0
9.29	0
9.3	0
9.31	0
9.32	0
9.33	0
9.34	0
9.35	0
9.36	0
9.37	0
9.38	0
9.39	0
9.4	0
9.41	0
9.42	0
9.43	0
9.44	0
9.45	0
9.46	0
9.47	0
9.48	0
9.49	0
9.5	0
9.51	0
9.52	0
9.53	0
9.54	0
9.55	0
9.56	0
9.57	0
9.58	0
9.59	0
9.6	0
9.61	0
9.62	0
9.63	0
9.64	0
9.65	0
9.66	0
9.67	0
9.68	0
9.69	0
9.7	0
9.71	0
9.72	0
9.73	0
9.74	0
9.75	0
9.76	0
9.77	0
9.78	0
9.79	0
9.8	0
9.81	0
9.82	0
9.83	0
9.84	0
9.85	0
9.86	0
9.87	0
9.88	0
9.89	0
9.9	0
9.91	0
9.92	0
9.93	0
9.94	0
9.95	0
9.96	0
9.97	0
9.98	0
9.99	0
